,State,Population,Hate Crimes,Population Proportion,Year
3,Alabama,1013839,14,1.38089e-05,2016
4,Alaska,738566,11,1.48937e-05,2016
5,Arizona,6361910,213,3.34805e-05,2016
6,Arkansas,2853645,12,4.2051e-06,2016
7,California,39242633,931,2.37242e-05,2016
8,Colorado,5519770,104,1.88414e-05,2016
9,Connecticut,3576452,106,2.96383e-05,2016
10,Delaware,952065,15,1.57552e-05,2016
11,District of Columbia,681170,115,0.0001688272,2016
12,Florida,8988095,96,1.06808e-05,2016
13,Georgia,8216137,39,4.7468e-06,2016
14,Idaho,1683140,27,1.60414e-05,2016
15,Illinois,12373460,111,8.9708e-06,2016
16,Indiana,2874580,78,2.71344e-05,2016
17,Iowa,3113786,17,5.4596e-06,2016
18,Kansas,2591338,49,1.89092e-05,2016
19,Kentucky,4427530,206,4.65271e-05,2016
20,Louisiana,3560451,26,7.3024e-06,2016
21,Maine,1331479,40,3.00418e-05,2016
22,Maryland,6016447,37,6.1498e-06,2016
23,Massachusetts,6637616,391,5.89067e-05,2016
24,Michigan,9847710,399,4.0517e-05,2016
25,Minnesota,5178985,119,2.29775e-05,2016
26,Mississippi,585454,7,1.19565e-05,2016
27,Missouri,6089857,88,1.44503e-05,2016
28,Montana,1042048,20,1.9193e-05,2016
29,Nebraska,1846626,31,1.67874e-05,2016
30,Nevada,2940058,41,1.39453e-05,2016
31,New Hampshire,1275170,28,2.19579e-05,2016
32,New Jersey,8942857,282,3.15335e-05,2016
33,New Mexico,576958,26,4.50639e-05,2016
34,New York,19738790,595,3.01437e-05,2016
35,North Carolina,10145637,148,1.45876e-05,2016
36,North Dakota,757493,8,1.05612e-05,2016
37,Ohio,9573452,442,4.61693e-05,2016
38,Oklahoma,3869095,33,8.5291e-06,2016
39,Oregon,3547910,104,2.9313e-05,2016
40,Pennsylvania,12644372,61,4.8243e-06,2016
41,Rhode Island,1056426,12,1.13591e-05,2016
42,South Carolina,4936962,23,4.6587e-06,2016
43,South Dakota,787337,18,2.28619e-05,2016
44,Tennessee,6651194,142,2.13496e-05,2016
45,Texas,27862596,178,6.3885e-06,2016
46,Utah,3014190,66,2.18964e-05,2016
47,Vermont,624594,25,4.0026e-05,2016
48,Virginia,8411424,122,1.45041e-05,2016
49,Washington,7282106,387,5.3144e-05,2016
50,West Virginia,1621366,41,2.52873e-05,2016
51,Wisconsin,5652781,34,6.0147e-06,2016
52,Wyoming,556446,3,5.3914e-06,2016
3,Alabama,1865517,0,0.0,2017
4,Alaska,733747,7,9.5401e-06,2017
5,Arizona,7135285,166,2.32647e-05,2017
6,Arkansas,2874960,13,4.5218e-06,2017
7,California,39520441,1063,2.68975e-05,2017
8,Colorado,5512017,121,2.1952e-05,2017
9,Connecticut,3150064,81,2.57138e-05,2017
10,Delaware,962453,16,1.66242e-05,2017
11,District of Columbia,702455,213,0.0003032223,2017
12,Florida,20922562,141,6.7391e-06,2017
13,Georgia,8497512,35,4.1189e-06,2017
14,Hawaii,982019,44,4.48057e-05,2017
15,Idaho,1738946,23,1.32264e-05,2017
16,Illinois,11942645,107,8.9595e-06,2017
17,Indiana,3004204,107,3.56168e-05,2017
18,Iowa,3042074,10,3.2872e-06,2017
19,Kansas,2561072,69,2.69418e-05,2017
20,Kentucky,4448098,235,5.28316e-05,2017
21,Louisiana,3528527,45,1.27532e-05,2017
22,Maine,1338404,20,1.49432e-05,2017
23,Maryland,6039822,49,8.1128e-06,2017
24,Massachusetts,6730168,352,5.23018e-05,2017
25,Michigan,9948030,431,4.33252e-05,2017
26,Minnesota,5484503,126,2.29738e-05,2017
27,Mississippi,720646,5,6.9382e-06,2017
28,Missouri,5919676,64,1.08114e-05,2017
29,Montana,1062359,7,6.5891e-06,2017
30,Nebraska,1781091,34,1.90894e-05,2017
31,Nevada,3034392,33,1.08753e-05,2017
32,New Hampshire,1317257,13,9.869e-06,2017
33,New Jersey,8908520,561,6.29734e-05,2017
34,New Mexico,1915743,28,1.46157e-05,2017
35,New York,19348748,523,2.70302e-05,2017
36,North Carolina,10330057,140,1.35527e-05,2017
37,North Dakota,760650,10,1.31467e-05,2017
38,Ohio,9774082,350,3.5809e-05,2017
39,Oklahoma,3621189,20,5.523e-06,2017
40,Oregon,4012987,118,2.94045e-05,2017
41,Pennsylvania,12712213,67,5.2705e-06,2017
42,Rhode Island,1056281,13,1.23073e-05,2017
43,South Carolina,4960159,111,2.23783e-05,2017
44,South Dakota,806540,20,2.47973e-05,2017
45,Tennessee,6737273,170,2.52328e-05,2017
46,Texas,27845758,455,1.634e-05,2017
47,Utah,3068388,33,1.07548e-05,2017
48,Vermont,630980,45,7.13176e-05,2017
49,Virginia,8510090,143,1.68036e-05,2017
50,Washington,7479358,506,6.76529e-05,2017
51,West Virginia,1573786,43,2.73226e-05,2017
52,Wisconsin,5767760,52,9.0156e-06,2017
53,Wyoming,552818,0,0.0,2017
0,Alabama,1865517,0,0.0,2018
1,Alaska,733747,7,9.5401e-06,2018
2,Arizona,7135285,166,2.32647e-05,2018
3,Arkansas,2874960,13,4.5218e-06,2018
4,California,39520441,1063,2.68975e-05,2018
5,Colorado,5512017,121,2.1952e-05,2018
6,Connecticut,3150064,81,2.57138e-05,2018
7,Delaware,962453,16,1.66242e-05,2018
8,District of Columbia,702455,213,0.0003032223,2018
9,Florida,20922562,141,6.7391e-06,2018
10,Georgia,8497512,35,4.1189e-06,2018
11,Hawaii,982019,44,4.48057e-05,2018
12,Idaho,1738946,23,1.32264e-05,2018
13,Illinois,11942645,107,8.9595e-06,2018
14,Indiana,3004204,107,3.56168e-05,2018
15,Iowa,3042074,10,3.2872e-06,2018
16,Kansas,2561072,69,2.69418e-05,2018
17,Kentucky,4448098,235,5.28316e-05,2018
18,Louisiana,3528527,45,1.27532e-05,2018
19,Maine,1338404,20,1.49432e-05,2018
20,Maryland,6039822,49,8.1128e-06,2018
21,Massachusetts,6730168,352,5.23018e-05,2018
22,Michigan,9948030,431,4.33252e-05,2018
23,Minnesota,5484503,126,2.29738e-05,2018
24,Mississippi,720646,5,6.9382e-06,2018
25,Missouri,5919676,64,1.08114e-05,2018
26,Montana,1062359,7,6.5891e-06,2018
27,Nebraska,1781091,34,1.90894e-05,2018
28,Nevada,3034392,33,1.08753e-05,2018
29,New Hampshire,1317257,13,9.869e-06,2018
30,New Jersey,8908520,561,6.29734e-05,2018
31,New Mexico,1915743,28,1.46157e-05,2018
32,New York,19348748,523,2.70302e-05,2018
33,North Carolina,10330057,140,1.35527e-05,2018
34,North Dakota,760650,10,1.31467e-05,2018
35,Ohio,9774082,350,3.5809e-05,2018
36,Oklahoma,3621189,20,5.523e-06,2018
37,Oregon,4012987,118,2.94045e-05,2018
38,Pennsylvania,12712213,67,5.2705e-06,2018
39,Rhode Island,1056281,13,1.23073e-05,2018
40,South Carolina,4960159,111,2.23783e-05,2018
41,South Dakota,806540,20,2.47973e-05,2018
42,Tennessee,6737273,170,2.52328e-05,2018
43,Texas,27845758,455,1.634e-05,2018
44,Utah,3068388,33,1.07548e-05,2018
45,Vermont,630980,45,7.13176e-05,2018
46,Virginia,8510090,143,1.68036e-05,2018
47,Washington,7479358,506,6.76529e-05,2018
48,West Virginia,1573786,43,2.73226e-05,2018
49,Wisconsin,5767760,52,9.0156e-06,2018
50,Wyoming,552818,0,0.0,2018
3,Alabama,1252146,10,7.9863e-06,2015
4,Alaska,734820,8,1.0887e-05,2015
5,Arizona,6622880,276,4.16737e-05,2015
6,Arkansas,2754543,5,1.8152e-06,2015
7,California,39137326,837,2.13862e-05,2015
8,Colorado,5445853,107,1.9648e-05,2015
9,Connecticut,3399068,93,2.73604e-05,2015
10,Delaware,945934,11,1.16287e-05,2015
11,District of Columbia,672228,65,9.66934e-05,2015
12,Florida,5356877,72,1.34407e-05,2015
13,Georgia,7991234,44,5.506e-06,2015
14,Idaho,1654475,34,2.05503e-05,2015
15,Illinois,12501008,90,7.1994e-06,2015
16,Indiana,3224755,63,1.95364e-05,2015
17,Iowa,3105094,6,1.9323e-06,2015
18,Kansas,2741323,62,2.26168e-05,2015
19,Kentucky,4402368,188,4.27043e-05,2015
20,Louisiana,3711824,38,1.02376e-05,2015
21,Maine,1329328,38,2.85859e-05,2015
22,Maryland,6006401,41,6.8261e-06,2015
23,Massachusetts,6566279,411,6.25925e-05,2015
24,Michigan,9834270,309,3.14207e-05,2015
25,Minnesota,5218435,109,2.08875e-05,2015
26,Mississippi,763830,0,0.0,2015
27,Missouri,6079483,100,1.64488e-05,2015
28,Montana,1023807,45,4.39536e-05,2015
29,Nebraska,1821196,19,1.04327e-05,2015
30,Nevada,2890845,58,2.00633e-05,2015
31,New Hampshire,1267715,13,1.02547e-05,2015
32,New Jersey,8956395,330,3.68452e-05,2015
33,New Mexico,574972,13,2.26098e-05,2015
34,New York,19766342,500,2.52955e-05,2015
35,North Carolina,10041690,161,1.60332e-05,2015
36,North Dakota,756927,36,4.75607e-05,2015
37,Ohio,9781677,416,4.25285e-05,2015
38,Oklahoma,3896985,37,9.4945e-06,2015
39,Oregon,1671416,65,3.88892e-05,2015
40,Pennsylvania,12550581,64,5.0994e-06,2015
41,Rhode Island,1056298,18,1.70406e-05,2015
42,South Carolina,4826241,55,1.1396e-05,2015
43,South Dakota,782152,16,2.04564e-05,2015
44,Tennessee,6600299,221,3.34833e-05,2015
45,Texas,27390337,191,6.9733e-06,2015
46,Utah,2966781,47,1.58421e-05,2015
47,Vermont,626042,8,1.27787e-05,2015
48,Virginia,8380278,158,1.88538e-05,2015
49,Washington,7163444,275,3.83894e-05,2015
50,West Virginia,1494503,41,2.74339e-05,2015
51,Wisconsin,5580752,43,7.7051e-06,2015
52,Wyoming,564577,2,3.5425e-06,2015
3,Alabama,794907,9,1.13221e-05,2014
4,Alaska,732371,6,8.1926e-06,2014
5,Arizona,6433584,265,4.11901e-05,2014
6,Arkansas,2661818,8,3.0055e-06,2014
7,California,38802500,759,1.95606e-05,2014
8,Colorado,5268592,96,1.82212e-05,2014
9,Connecticut,3375662,123,3.64373e-05,2014
10,Delaware,935614,13,1.38946e-05,2014
11,District of Columbia,658893,70,0.0001062388,2014
12,Florida,19794279,65,3.2838e-06,2014
13,Georgia,8204655,41,4.9972e-06,2014
15,Idaho,1634011,25,1.52998e-05,2014
16,Illinois,12029618,109,9.061e-06,2014
17,Indiana,6093574,50,8.2054e-06,2014
18,Iowa,2974604,11,3.698e-06,2014
19,Kansas,2843179,73,2.56755e-05,2014
20,Kentucky,4386536,163,3.71592e-05,2014
21,Louisiana,2706155,9,3.3258e-06,2014
22,Maine,1330089,28,2.10512e-05,2014
23,Maryland,5976407,16,2.6772e-06,2014
24,Massachusetts,6485973,375,5.78171e-05,2014
25,Michigan,9732430,311,3.1955e-05,2014
26,Minnesota,5287138,98,1.85355e-05,2014
27,Mississippi,1349655,1,7.409e-07,2014
28,Missouri,6061406,76,1.25383e-05,2014
29,Montana,992702,30,3.02205e-05,2014
30,Nebraska,1763318,47,2.66543e-05,2014
31,Nevada,2834483,24,8.4672e-06,2014
32,New Hampshire,1238190,14,1.13068e-05,2014
33,New Jersey,8936591,336,3.75982e-05,2014
34,New Mexico,717010,13,1.81308e-05,2014
35,New York,19652379,545,2.7732e-05,2014
36,North Carolina,9942854,140,1.40805e-05,2014
37,North Dakota,738176,40,5.41876e-05,2014
38,Ohio,9711237,403,4.14983e-05,2014
39,Oklahoma,3878051,33,8.5094e-06,2014
40,Oregon,1526458,26,1.70329e-05,2014
41,Pennsylvania,12587318,50,3.9723e-06,2014
42,Rhode Island,1054130,4,3.7946e-06,2014
43,South Carolina,4813088,49,1.01806e-05,2014
44,South Dakota,776484,18,2.31814e-05,2014
45,Tennessee,6519911,194,2.9755e-05,2014
46,Texas,26922758,145,5.3858e-06,2014
47,Utah,2926391,50,1.70859e-05,2014
48,Vermont,626306,15,2.395e-05,2014
49,Virginia,8324943,118,1.41743e-05,2014
53,Wisconsin,5610210,51,9.0906e-06,2014
54,Wyoming,579446,0,0.0,2014
3,Alabama,1147612,6,5.2282e-06,2013
4,Alaska,730950,8,1.09447e-05,2013
5,Arizona,6358545,155,2.43766e-05,2013
6,Arkansas,2809536,27,9.6101e-06,2013
7,California,38324460,843,2.19964e-05,2013
8,Colorado,5163276,128,2.47905e-05,2013
9,Connecticut,3566367,145,4.06576e-05,2013
10,Delaware,925749,12,1.29625e-05,2013
11,District of Columbia,646449,72,0.0001113777,2013
12,Florida,19455529,76,3.9063e-06,2013
13,Georgia,7817674,57,7.2912e-06,2013
14,Guam1,0,0,,2013
15,Idaho,1611676,32,1.98551e-05,2013
16,Illinois,12269532,105,8.5578e-06,2013
17,Indiana,4034953,75,1.85876e-05,2013
18,Iowa,2958457,10,3.3801e-06,2013
19,Kansas,2665446,64,2.4011e-05,2013
20,Kentucky,4334254,171,3.94532e-05,2013
21,Louisiana,3237092,22,6.7962e-06,2013
22,Maine,1328302,25,1.8821e-05,2013
23,Maryland,5928814,51,8.6021e-06,2013
24,Massachusetts,6496451,350,5.38756e-05,2013
25,Michigan,9733958,329,3.37992e-05,2013
26,Minnesota,4904213,144,2.93625e-05,2013
27,Mississippi,1497332,4,2.6714e-06,2013
28,Missouri,6040074,102,1.68872e-05,2013
29,Montana,1000016,31,3.09995e-05,2013
30,Nebraska,1511235,36,2.38216e-05,2013
31,Nevada,2229342,73,3.27451e-05,2013
32,New Hampshire,1178087,21,1.78255e-05,2013
33,New Jersey,8898292,414,4.65258e-05,2013
34,New Mexico,888880,12,1.35001e-05,2013
35,New York,19515678,615,3.15131e-05,2013
36,North Carolina,9845983,118,1.19846e-05,2013
37,North Dakota,722021,51,7.06351e-05,2013
38,Ohio,10376248,370,3.56584e-05,2013
39,Oklahoma,3850568,41,1.06478e-05,2013
40,Oregon,2301273,66,2.86798e-05,2013
41,Pennsylvania,12657821,64,5.0562e-06,2013
42,Rhode Island,1051511,7,6.6571e-06,2013
43,South Carolina,4761406,51,1.07111e-05,2013
44,South Dakota,767653,13,1.69347e-05,2013
45,Tennessee,6495978,196,3.01725e-05,2013
46,Texas,26304575,132,5.0181e-06,2013
47,Utah,2883607,75,2.60091e-05,2013
48,Vermont,623447,12,1.92478e-05,2013
49,Virginia,8258337,119,1.44097e-05,2013
50,Virgin Islands1,0,0,,2013
51,Washington,6967181,291,4.17673e-05,2013
52,West Virginia,1670269,56,3.35275e-05,2013
53,Wisconsin,5691976,50,8.7843e-06,2013
54,Wyoming,577987,1,1.7301e-06,2013
