,State,Median Income_x,Year_x,Median Income_y,Year_y
0,Alabama,59764,2016,61512,2017
1,Alaska,88604,2016,86831,2017
2,Arizona,63877,2016,67886,2017
3,Arkansas,55484,2016,57421,2017
4,California,77359,2016,82009,2017
5,Colorado,80761,2016,84918,2017
6,Connecticut,94449,2016,93870,2017
7,Delaware,74251,2016,77082,2017
8,District of Columbia,98498,2016,106528,2017
9,Florida,61289,2016,64003,2017
10,Georgia,65018,2016,67983,2017
11,Hawaii,86768,2016,91460,2017
12,Idaho,63182,2016,64178,2017
13,Illinois,76950,2016,79168,2017
14,Indiana,66032,2016,68085,2017
15,Iowa,72351,2016,75076,2017
16,Kansas,70792,2016,72057,2017
17,Kentucky,59023,2016,61593,2017
18,Louisiana,57490,2016,60510,2017
19,Maine,68277,2016,72177,2017
20,Maryland,95336,2016,98393,2017
21,Massachusetts,95207,2016,98758,2017
22,Michigan,67330,2016,69664,2017
23,Minnesota,83344,2016,86416,2017
24,Mississippi,52672,2016,55937,2017
25,Missouri,65058,2016,67317,2017
26,Montana,66288,2016,68994,2017
27,Nebraska,73488,2016,75112,2017
28,Nevada,65384,2016,68276,2017
29,New Hampshire,86696,2016,91029,2017
30,New Jersey,94546,2016,97300,2017
31,New Mexico,56802,2016,58308,2017
32,New York,77379,2016,80114,2017
33,North Carolina,62289,2016,65964,2017
34,North Dakota,79530,2016,81869,2017
35,Ohio,66722,2016,69632,2017
36,Oklahoma,61633,2016,61471,2017
37,Oregon,70929,2016,73202,2017
38,Pennsylvania,72313,2016,75949,2017
39,Rhode Island,77940,2016,84557,2017
40,South Carolina,61535,2016,62432,2017
41,South Dakota,70853,2016,73236,2017
42,Tennessee,60659,2016,62926,2017
43,Texas,67025,2016,70136,2017
44,Utah,74181,2016,77940,2017
45,Vermont,74805,2016,74426,2017
46,Virginia,83306,2016,86279,2017
47,Washington,81234,2016,84594,2017
48,West Virginia,56703,2016,56086,2017
49,Wisconsin,72891,2016,75413,2017
50,Wyoming,73574,2016,74868,2017
